0.8299283021266316
0.8456715216073605
0.8988090770448324
0.9786908669779489
0.9780321108753162
0.9623961366041288
0.947426365399839
0.9321685971155067
0.9197443170675138
0.9148272372888487
0.9069740949245879
0.9006404334043056
0.8895825617463802
0.8843507667454596
0.8733046397635232
0.8654172306068572
0.8623418332097148
0.848978458858931
0.8493184277277682
0.8419657993466491
0.840907133494364
0.8303886346729706
0.8222851508880312
0.8124716240540777
0.8075439124175653
0.807936848895631
0.8018018931928452
0.7966312682726604
0.7937418314456536
0.7841859209309144
0.7857444140612575
0.7779523153717979
0.776357623789228
0.7643807704988412
0.7670634614187997
0.7606859375543286
0.7575779269542388
0.7475805174463004
0.7454724782744208
0.7454099724020161
0.7377271743350367
0.7366551868230328
0.7337560385091022
0.7304621223078449
0.7243190064813769
0.7207700674527217
0.7204581126372596
0.7114212319330515
0.7080754742282066
0.7042019400751933
1.1827990355502442
1.1157366696063125
1.0715395729455344
1.0419706498532137
1.009825646773746
0.9866947325478868
0.9668757986707269
0.9499825845487708
0.92193563457162
0.9041833568452168
0.8891789943961218
0.8675435618925671
0.8540552036504732
0.8386964441777356
0.8199982637374063
0.807277715962459
0.7935167843850718
0.7799046804681645
0.7696396209497647
0.757168250854642
0.7439760587999198
0.7311633164077727
0.7208285635601718
0.714653821520935
0.6986121702833478
0.6939162374488177
0.6856563411252377
0.6770237422744628
0.6691901211192961
0.6602675874747358
0.649782959780124
0.6466669174254481
0.6448064337504235
0.6378988957954318
0.6328451658317149
0.6300814582173377
0.6294940489683627
0.6262011806998863
0.6210252962425756
0.6150474266131659
0.6161230850264745
0.613621455103249
0.6179843949227175
0.6089495473933544
0.6088552374678616
0.6093502822419308
0.6049102328960809
0.6093568597774491
0.6066027478103911
0.6072426976511125
